<?xml version="1.0" encoding="utf-8"?>
<COLLADA xmlns:xsi="http://www.w3.org/2001/XMLSchema-instance" xmlns:xsd="http://www.w3.org/2001/XMLSchema" version="1.4.1" xmlns="http://www.collada.org/2005/11/COLLADASchema">
  <asset>
    <contributor>
      <author />
      <authoring_tool>Unity3D 2017.1.1f1 - COLLADA exporter v1.6.3</authoring_tool>
      <comments />
      <copyright />
      <source_data>bunny2.unity</source_data>
    </contributor>
    <created>2018-01-16T23:50:00.038523-05:00</created>
    <modified>2018-01-16T23:50:00.038644-05:00</modified>
    <unit meter="1" name="meter" />
    <up_axis>Y_UP</up_axis>
  </asset>
  <library_animations>
    <animation>
      <source id="_4642eee05b90a4ae99924e9bbac32c01_happy_0-input">
        <float_array id="_4642eee05b90a4ae99924e9bbac32c01_happy_0-input-array" count="17">0.000000 0.383300 0.416600 0.450000 0.466600 0.500000 0.533300 0.583300 0.666600 0.716600 0.750000 0.783300 0.816600 0.850000 0.883300 0.933300 1.000000</float_array>
        <technique_common>
          <accessor count="17" source="#_4642eee05b90a4ae99924e9bbac32c01_happy_0-input-array">
            <param name="TIME" type="float" />
          </accessor>
        </technique_common>
      </source>
      <source id="_4642eee05b90a4ae99924e9bbac32c01_happy_0-output">
        <float_array id="_4642eee05b90a4ae99924e9bbac32c01_happy_0-output-array" count="272">

0.000000 0.000000 1.000000 0.000000 
0.988834 -0.149024 0.000000 0.098285 
0.149024 0.988834 0.000000 -0.001772 
0.000000 0.000000 0.000000 1.000000 

0.000000 0.000000 1.000000 0.000000 
0.988834 -0.149024 0.000000 0.108850 
0.149024 0.988834 0.000000 -0.001772 
0.000000 0.000000 0.000000 1.000000 

0.000000 0.000000 1.000000 0.000000 
0.988834 -0.149024 0.000000 0.124619 
0.149024 0.988834 0.000000 -0.001772 
0.000000 0.000000 0.000000 1.000000 

0.000000 0.000000 1.000000 0.000000 
0.988834 -0.149024 0.000000 0.144064 
0.149024 0.988834 0.000000 -0.001772 
0.000000 0.000000 0.000000 1.000000 

0.000000 0.000000 1.000000 0.000000 
0.988834 -0.149024 0.000000 0.154180 
0.149024 0.988834 0.000000 -0.001772 
0.000000 0.000000 0.000000 1.000000 

0.000000 0.000000 1.000000 0.000000 
0.988834 -0.149024 0.000000 0.173629 
0.149024 0.988834 0.000000 -0.001772 
0.000000 0.000000 0.000000 1.000000 

0.000000 0.000000 1.000000 0.000000 
0.988834 -0.149024 0.000000 0.189409 
0.149024 0.988834 0.000000 -0.001772 
0.000000 0.000000 0.000000 1.000000 

0.000000 0.000000 1.000000 0.000000 
0.988834 -0.149024 0.000000 0.200000 
0.149024 0.988834 0.000000 -0.001772 
0.000000 0.000000 0.000000 1.000000 

0.000000 0.000000 1.000000 0.000000 
0.988834 -0.149024 0.000000 0.189437 
0.149024 0.988834 0.000000 -0.001772 
0.000000 0.000000 0.000000 1.000000 

0.000000 0.000000 1.000000 0.000000 
0.988834 -0.149024 0.000000 0.175440 
0.149024 0.988834 0.000000 -0.001772 
0.000000 0.000000 0.000000 1.000000 

0.000000 0.000000 1.000000 0.000000 
0.988834 -0.149024 0.000000 0.164196 
0.149024 0.988834 0.000000 -0.001772 
0.000000 0.000000 0.000000 1.000000 

0.000000 0.000000 1.000000 0.000000 
0.988834 -0.149024 0.000000 0.152205 
0.149024 0.988834 0.000000 -0.001772 
0.000000 0.000000 0.000000 1.000000 

0.000000 0.000000 1.000000 0.000000 
0.988834 -0.149024 0.000000 0.140056 
0.149024 0.988834 0.000000 -0.001772 
0.000000 0.000000 0.000000 1.000000 

0.000000 0.000000 1.000000 0.000000 
0.988834 -0.149024 0.000000 0.128341 
0.149024 0.988834 0.000000 -0.001772 
0.000000 0.000000 0.000000 1.000000 

0.000000 0.000000 1.000000 0.000000 
0.988834 -0.149024 0.000000 0.117753 
0.149024 0.988834 0.000000 -0.001772 
0.000000 0.000000 0.000000 1.000000 

0.000000 0.000000 1.000000 0.000000 
0.988834 -0.149024 0.000000 0.105270 
0.149024 0.988834 0.000000 -0.001772 
0.000000 0.000000 0.000000 1.000000 

0.000000 0.000000 1.000000 0.000000 
0.988834 -0.149024 0.000000 0.098285 
0.149024 0.988834 0.000000 -0.001772 
0.000000 0.000000 0.000000 1.000000</float_array>
        <technique_common>
          <accessor count="17" source="#_4642eee05b90a4ae99924e9bbac32c01_happy_0-output-array" stride="16">
            <param name="TRANSFORM" type="float4x4" />
          </accessor>
        </technique_common>
      </source>
      <source id="_4642eee05b90a4ae99924e9bbac32c01_happy_0-interpolation">
        <Name_array id="_4642eee05b90a4ae99924e9bbac32c01_happy_0-interpolation-array" count="61">LINEAR LINEAR LINEAR LINEAR LINEAR LINEAR LINEAR LINEAR LINEAR LINEAR LINEAR LINEAR LINEAR LINEAR LINEAR LINEAR LINEAR LINEAR LINEAR LINEAR LINEAR LINEAR LINEAR LINEAR LINEAR LINEAR LINEAR LINEAR LINEAR LINEAR LINEAR LINEAR LINEAR LINEAR LINEAR LINEAR LINEAR LINEAR LINEAR LINEAR LINEAR LINEAR LINEAR LINEAR LINEAR LINEAR LINEAR LINEAR LINEAR LINEAR LINEAR LINEAR LINEAR LINEAR LINEAR LINEAR LINEAR LINEAR LINEAR LINEAR LINEAR </Name_array>
        <technique_common>
          <accessor count="61" source="#_4642eee05b90a4ae99924e9bbac32c01_happy_0-interpolation-array">
            <param name="INTERPOLATION" type="name" />
          </accessor>
        </technique_common>
      </source>
      <sampler id="_4642eee05b90a4ae99924e9bbac32c01_happy_0-sampler">
        <input semantic="INPUT" source="#_4642eee05b90a4ae99924e9bbac32c01_happy_0-input" />
        <input semantic="OUTPUT" source="#_4642eee05b90a4ae99924e9bbac32c01_happy_0-output" />
        <input semantic="INTERPOLATION" source="#_4642eee05b90a4ae99924e9bbac32c01_happy_0-interpolation" />
      </sampler>
      <channel source="#_4642eee05b90a4ae99924e9bbac32c01_happy_0-sampler" target="_-1006/matrix" />
      <source id="_4642eee05b90a4ae99924e9bbac32c01_happy_1-input">
        <float_array id="_4642eee05b90a4ae99924e9bbac32c01_happy_1-input-array" count="2">0.000000 1.000000</float_array>
        <technique_common>
          <accessor count="2" source="#_4642eee05b90a4ae99924e9bbac32c01_happy_1-input-array">
            <param name="TIME" type="float" />
          </accessor>
        </technique_common>
      </source>
      <source id="_4642eee05b90a4ae99924e9bbac32c01_happy_1-output">
        <float_array id="_4642eee05b90a4ae99924e9bbac32c01_happy_1-output-array" count="32">

0.998450 -0.055665 0.000000 0.027630 
0.055665 0.998450 0.000000 0.000000 
0.000000 0.000000 1.000000 0.000000 
0.000000 0.000000 0.000000 1.000000 

0.998450 -0.055665 0.000000 0.027630 
0.055665 0.998450 0.000000 0.000000 
0.000000 0.000000 1.000000 0.000000 
0.000000 0.000000 0.000000 1.000000</float_array>
        <technique_common>
          <accessor count="2" source="#_4642eee05b90a4ae99924e9bbac32c01_happy_1-output-array" stride="16">
            <param name="TRANSFORM" type="float4x4" />
          </accessor>
        </technique_common>
      </source>
      <source id="_4642eee05b90a4ae99924e9bbac32c01_happy_1-interpolation">
        <Name_array id="_4642eee05b90a4ae99924e9bbac32c01_happy_1-interpolation-array" count="61">LINEAR LINEAR LINEAR LINEAR LINEAR LINEAR LINEAR LINEAR LINEAR LINEAR LINEAR LINEAR LINEAR LINEAR LINEAR LINEAR LINEAR LINEAR LINEAR LINEAR LINEAR LINEAR LINEAR LINEAR LINEAR LINEAR LINEAR LINEAR LINEAR LINEAR LINEAR LINEAR LINEAR LINEAR LINEAR LINEAR LINEAR LINEAR LINEAR LINEAR LINEAR LINEAR LINEAR LINEAR LINEAR LINEAR LINEAR LINEAR LINEAR LINEAR LINEAR LINEAR LINEAR LINEAR LINEAR LINEAR LINEAR LINEAR LINEAR LINEAR LINEAR </Name_array>
        <technique_common>
          <accessor count="61" source="#_4642eee05b90a4ae99924e9bbac32c01_happy_1-interpolation-array">
            <param name="INTERPOLATION" type="name" />
          </accessor>
        </technique_common>
      </source>
      <sampler id="_4642eee05b90a4ae99924e9bbac32c01_happy_1-sampler">
        <input semantic="INPUT" source="#_4642eee05b90a4ae99924e9bbac32c01_happy_1-input" />
        <input semantic="OUTPUT" source="#_4642eee05b90a4ae99924e9bbac32c01_happy_1-output" />
        <input semantic="INTERPOLATION" source="#_4642eee05b90a4ae99924e9bbac32c01_happy_1-interpolation" />
      </sampler>
      <channel source="#_4642eee05b90a4ae99924e9bbac32c01_happy_1-sampler" target="_-1096/matrix" />
      <source id="_4642eee05b90a4ae99924e9bbac32c01_happy_2-input">
        <float_array id="_4642eee05b90a4ae99924e9bbac32c01_happy_2-input-array" count="61">0.000000 0.016600 0.033300 0.050000 0.066600 0.083300 0.100000 0.116600 0.133300 0.150000 0.166600 0.183300 0.200000 0.216600 0.233300 0.250000 0.266600 0.283300 0.300000 0.316600 0.333300 0.350000 0.366600 0.383300 0.400000 0.416600 0.433300 0.450000 0.466600 0.483300 0.500000 0.516600 0.533300 0.550000 0.566600 0.583300 0.600000 0.616600 0.633300 0.650000 0.666600 0.683300 0.700000 0.716600 0.733300 0.750000 0.766600 0.783300 0.800000 0.816600 0.833300 0.850000 0.866600 0.883300 0.900000 0.916600 0.933300 0.950000 0.966600 0.983300 1.000000</float_array>
        <technique_common>
          <accessor count="61" source="#_4642eee05b90a4ae99924e9bbac32c01_happy_2-input-array">
            <param name="TIME" type="float" />
          </accessor>
        </technique_common>
      </source>
      <source id="_4642eee05b90a4ae99924e9bbac32c01_happy_2-output">
        <float_array id="_4642eee05b90a4ae99924e9bbac32c01_happy_2-output-array" count="976">

0.993508 0.113758 0.000000 0.012421 
-0.113758 0.993508 0.000000 0.000000 
0.000000 0.000000 1.000000 0.000000 
0.000000 0.000000 0.000000 1.000000 

0.993321 0.115382 0.000000 0.012421 
-0.115382 0.993321 0.000000 0.000000 
0.000000 0.000000 1.000000 0.000000 
0.000000 0.000000 0.000000 1.000000 

0.992811 0.119694 0.000000 0.012421 
-0.119694 0.992811 0.000000 0.000000 
0.000000 0.000000 1.000000 0.000000 
0.000000 0.000000 0.000000 1.000000 

0.992056 0.125795 0.000000 0.012421 
-0.125795 0.992056 0.000000 0.000000 
0.000000 0.000000 1.000000 0.000000 
0.000000 0.000000 0.000000 1.000000 

0.991151 0.132742 0.000000 0.012421 
-0.132742 0.991151 0.000000 0.000000 
0.000000 0.000000 1.000000 0.000000 
0.000000 0.000000 0.000000 1.000000 

0.990190 0.139726 0.000000 0.012421 
-0.139726 0.990190 0.000000 0.000000 
0.000000 0.000000 1.000000 0.000000 
0.000000 0.000000 0.000000 1.000000 

0.989312 0.145813 0.000000 0.012421 
-0.145813 0.989312 0.000000 0.000000 
0.000000 0.000000 1.000000 0.000000 
0.000000 0.000000 0.000000 1.000000 

0.988672 0.150094 0.000000 0.012421 
-0.150094 0.988672 0.000000 0.000000 
0.000000 0.000000 1.000000 0.000000 
0.000000 0.000000 0.000000 1.000000 

0.988422 0.151733 0.000000 0.012421 
-0.151733 0.988422 0.000000 0.000000 
0.000000 0.000000 1.000000 0.000000 
0.000000 0.000000 0.000000 1.000000 

0.988536 0.150988 0.000000 0.012421 
-0.150988 0.988536 0.000000 0.000000 
0.000000 0.000000 1.000000 0.000000 
0.000000 0.000000 0.000000 1.000000 

0.988847 0.148938 0.000000 0.012421 
-0.148938 0.988847 0.000000 0.000000 
0.000000 0.000000 1.000000 0.000000 
0.000000 0.000000 0.000000 1.000000 

0.989311 0.145820 0.000000 0.012421 
-0.145820 0.989311 0.000000 0.000000 
0.000000 0.000000 1.000000 0.000000 
0.000000 0.000000 0.000000 1.000000 

0.989880 0.141907 0.000000 0.012421 
-0.141907 0.989880 0.000000 0.000000 
0.000000 0.000000 1.000000 0.000000 
0.000000 0.000000 0.000000 1.000000 

0.990503 0.137490 0.000000 0.012421 
-0.137490 0.990503 0.000000 0.000000 
0.000000 0.000000 1.000000 0.000000 
0.000000 0.000000 0.000000 1.000000 

0.991146 0.132780 0.000000 0.012421 
-0.132780 0.991146 0.000000 0.000000 
0.000000 0.000000 1.000000 0.000000 
0.000000 0.000000 0.000000 1.000000 

0.991766 0.128065 0.000000 0.012421 
-0.128065 0.991766 0.000000 0.000000 
0.000000 0.000000 1.000000 0.000000 
0.000000 0.000000 0.000000 1.000000 

0.992327 0.123639 0.000000 0.012421 
-0.123639 0.992327 0.000000 0.000000 
0.000000 0.000000 1.000000 0.000000 
0.000000 0.000000 0.000000 1.000000 

0.992809 0.119711 0.000000 0.012421 
-0.119711 0.992809 0.000000 0.000000 
0.000000 0.000000 1.000000 0.000000 
0.000000 0.000000 0.000000 1.000000 

0.993182 0.116578 0.000000 0.012421 
-0.116578 0.993182 0.000000 0.000000 
0.000000 0.000000 1.000000 0.000000 
0.000000 0.000000 0.000000 1.000000 

0.993422 0.114513 0.000000 0.012421 
-0.114513 0.993422 0.000000 0.000000 
0.000000 0.000000 1.000000 0.000000 
0.000000 0.000000 0.000000 1.000000 

0.993509 0.113757 0.000000 0.012421 
-0.113757 0.993509 0.000000 0.000000 
0.000000 0.000000 1.000000 0.000000 
0.000000 0.000000 0.000000 1.000000 

0.993293 0.115629 0.000000 0.012421 
-0.115629 0.993293 0.000000 0.000000 
0.000000 0.000000 1.000000 0.000000 
0.000000 0.000000 0.000000 1.000000 

0.992669 0.120863 0.000000 0.012421 
-0.120863 0.992669 0.000000 0.000000 
0.000000 0.000000 1.000000 0.000000 
0.000000 0.000000 0.000000 1.000000 

0.991645 0.128996 0.000000 0.012421 
-0.128996 0.991645 0.000000 0.000000 
0.000000 0.000000 1.000000 0.000000 
0.000000 0.000000 0.000000 1.000000 

0.990226 0.139473 0.000000 0.012421 
-0.139473 0.990226 0.000000 0.000000 
0.000000 0.000000 1.000000 0.000000 
0.000000 0.000000 0.000000 1.000000 

0.988429 0.151682 0.000000 0.012421 
-0.151682 0.988429 0.000000 0.000000 
0.000000 0.000000 1.000000 0.000000 
0.000000 0.000000 0.000000 1.000000 

0.986254 0.165239 0.000000 0.012421 
-0.165239 0.986254 0.000000 0.000000 
0.000000 0.000000 1.000000 0.000000 
0.000000 0.000000 0.000000 1.000000 

0.983750 0.179544 0.000000 0.012421 
-0.179544 0.983750 0.000000 0.000000 
0.000000 0.000000 1.000000 0.000000 
0.000000 0.000000 0.000000 1.000000 

0.981005 0.193985 0.000000 0.012421 
-0.193985 0.981005 0.000000 0.000000 
0.000000 0.000000 1.000000 0.000000 
0.000000 0.000000 0.000000 1.000000 

0.978083 0.208213 0.000000 0.012421 
-0.208213 0.978083 0.000000 0.000000 
0.000000 0.000000 1.000000 0.000000 
0.000000 0.000000 0.000000 1.000000 

0.975132 0.221627 0.000000 0.012421 
-0.221627 0.975132 0.000000 0.000000 
0.000000 0.000000 1.000000 0.000000 
0.000000 0.000000 0.000000 1.000000 

0.972321 0.233649 0.000000 0.012421 
-0.233649 0.972321 0.000000 0.000000 
0.000000 0.000000 1.000000 0.000000 
0.000000 0.000000 0.000000 1.000000 

0.969794 0.243924 0.000000 0.012421 
-0.243924 0.969794 0.000000 0.000000 
0.000000 0.000000 1.000000 0.000000 
0.000000 0.000000 0.000000 1.000000 

0.967760 0.251875 0.000000 0.012421 
-0.251875 0.967760 0.000000 0.000000 
0.000000 0.000000 1.000000 0.000000 
0.000000 0.000000 0.000000 1.000000 

0.966415 0.256986 0.000000 0.012421 
-0.256986 0.966415 0.000000 0.000000 
0.000000 0.000000 1.000000 0.000000 
0.000000 0.000000 0.000000 1.000000 

0.965926 0.258818 0.000000 0.012421 
-0.258818 0.965926 0.000000 0.000000 
0.000000 0.000000 1.000000 0.000000 
0.000000 0.000000 0.000000 1.000000 

0.966104 0.258152 0.000000 0.012421 
-0.258152 0.966104 0.000000 0.000000 
0.000000 0.000000 1.000000 0.000000 
0.000000 0.000000 0.000000 1.000000 

0.966615 0.256233 0.000000 0.012421 
-0.256233 0.966615 0.000000 0.000000 
0.000000 0.000000 1.000000 0.000000 
0.000000 0.000000 0.000000 1.000000 

0.967428 0.253148 0.000000 0.012421 
-0.253148 0.967428 0.000000 0.000000 
0.000000 0.000000 1.000000 0.000000 
0.000000 0.000000 0.000000 1.000000 

0.968500 0.249012 0.000000 0.012421 
-0.249012 0.968500 0.000000 0.000000 
0.000000 0.000000 1.000000 0.000000 
0.000000 0.000000 0.000000 1.000000 

0.969784 0.243964 0.000000 0.012421 
-0.243964 0.969784 0.000000 0.000000 
0.000000 0.000000 1.000000 0.000000 
0.000000 0.000000 0.000000 1.000000 

0.971252 0.238052 0.000000 0.012421 
-0.238052 0.971252 0.000000 0.000000 
0.000000 0.000000 1.000000 0.000000 
0.000000 0.000000 0.000000 1.000000 

0.972856 0.231410 0.000000 0.012421 
-0.231410 0.972856 0.000000 0.000000 
0.000000 0.000000 1.000000 0.000000 
0.000000 0.000000 0.000000 1.000000 

0.974545 0.224192 0.000000 0.012421 
-0.224192 0.974545 0.000000 0.000000 
0.000000 0.000000 1.000000 0.000000 
0.000000 0.000000 0.000000 1.000000 

0.976301 0.216418 0.000000 0.012421 
-0.216418 0.976301 0.000000 0.000000 
0.000000 0.000000 1.000000 0.000000 
0.000000 0.000000 0.000000 1.000000 

0.978078 0.208241 0.000000 0.012421 
-0.208241 0.978078 0.000000 0.000000 
0.000000 0.000000 1.000000 0.000000 
0.000000 0.000000 0.000000 1.000000 

0.979833 0.199820 0.000000 0.012421 
-0.199820 0.979833 0.000000 0.000000 
0.000000 0.000000 1.000000 0.000000 
0.000000 0.000000 0.000000 1.000000 

0.981557 0.191167 0.000000 0.012421 
-0.191167 0.981557 0.000000 0.000000 
0.000000 0.000000 1.000000 0.000000 
0.000000 0.000000 0.000000 1.000000 

0.983216 0.182443 0.000000 0.012421 
-0.182443 0.983216 0.000000 0.000000 
0.000000 0.000000 1.000000 0.000000 
0.000000 0.000000 0.000000 1.000000 

0.984779 0.173812 0.000000 0.012421 
-0.173812 0.984779 0.000000 0.000000 
0.000000 0.000000 1.000000 0.000000 
0.000000 0.000000 0.000000 1.000000 

0.986246 0.165284 0.000000 0.012421 
-0.165284 0.986246 0.000000 0.000000 
0.000000 0.000000 1.000000 0.000000 
0.000000 0.000000 0.000000 1.000000 

0.987595 0.157024 0.000000 0.012421 
-0.157024 0.987595 0.000000 0.000000 
0.000000 0.000000 1.000000 0.000000 
0.000000 0.000000 0.000000 1.000000 

0.988808 0.149193 0.000000 0.012421 
-0.149193 0.988808 0.000000 0.000000 
0.000000 0.000000 1.000000 0.000000 
0.000000 0.000000 0.000000 1.000000 

0.989894 0.141812 0.000000 0.012421 
-0.141812 0.989894 0.000000 0.000000 
0.000000 0.000000 1.000000 0.000000 
0.000000 0.000000 0.000000 1.000000 

0.990840 0.135044 0.000000 0.012421 
-0.135044 0.990840 0.000000 0.000000 
0.000000 0.000000 1.000000 0.000000 
0.000000 0.000000 0.000000 1.000000 

0.991640 0.129037 0.000000 0.012421 
-0.129037 0.991640 0.000000 0.000000 
0.000000 0.000000 1.000000 0.000000 
0.000000 0.000000 0.000000 1.000000 

0.992303 0.123836 0.000000 0.012421 
-0.123836 0.992303 0.000000 0.000000 
0.000000 0.000000 1.000000 0.000000 
0.000000 0.000000 0.000000 1.000000 

0.992823 0.119592 0.000000 0.012421 
-0.119592 0.992823 0.000000 0.000000 
0.000000 0.000000 1.000000 0.000000 
0.000000 0.000000 0.000000 1.000000 

0.993198 0.116437 0.000000 0.012421 
-0.116437 0.993198 0.000000 0.000000 
0.000000 0.000000 1.000000 0.000000 
0.000000 0.000000 0.000000 1.000000 

0.993429 0.114447 0.000000 0.012421 
-0.114447 0.993429 0.000000 0.000000 
0.000000 0.000000 1.000000 0.000000 
0.000000 0.000000 0.000000 1.000000 

0.993508 0.113758 0.000000 0.012421 
-0.113758 0.993508 0.000000 0.000000 
0.000000 0.000000 1.000000 0.000000 
0.000000 0.000000 0.000000 1.000000</float_array>
        <technique_common>
          <accessor count="61" source="#_4642eee05b90a4ae99924e9bbac32c01_happy_2-output-array" stride="16">
            <param name="TRANSFORM" type="float4x4" />
          </accessor>
        </technique_common>
      </source>
      <source id="_4642eee05b90a4ae99924e9bbac32c01_happy_2-interpolation">
        <Name_array id="_4642eee05b90a4ae99924e9bbac32c01_happy_2-interpolation-array" count="61">LINEAR LINEAR LINEAR LINEAR LINEAR LINEAR LINEAR LINEAR LINEAR LINEAR LINEAR LINEAR LINEAR LINEAR LINEAR LINEAR LINEAR LINEAR LINEAR LINEAR LINEAR LINEAR LINEAR LINEAR LINEAR LINEAR LINEAR LINEAR LINEAR LINEAR LINEAR LINEAR LINEAR LINEAR LINEAR LINEAR LINEAR LINEAR LINEAR LINEAR LINEAR LINEAR LINEAR LINEAR LINEAR LINEAR LINEAR LINEAR LINEAR LINEAR LINEAR LINEAR LINEAR LINEAR LINEAR LINEAR LINEAR LINEAR LINEAR LINEAR LINEAR </Name_array>
        <technique_common>
          <accessor count="61" source="#_4642eee05b90a4ae99924e9bbac32c01_happy_2-interpolation-array">
            <param name="INTERPOLATION" type="name" />
          </accessor>
        </technique_common>
      </source>
      <sampler id="_4642eee05b90a4ae99924e9bbac32c01_happy_2-sampler">
        <input semantic="INPUT" source="#_4642eee05b90a4ae99924e9bbac32c01_happy_2-input" />
        <input semantic="OUTPUT" source="#_4642eee05b90a4ae99924e9bbac32c01_happy_2-output" />
        <input semantic="INTERPOLATION" source="#_4642eee05b90a4ae99924e9bbac32c01_happy_2-interpolation" />
      </sampler>
      <channel source="#_4642eee05b90a4ae99924e9bbac32c01_happy_2-sampler" target="_-1268/matrix" />
      <source id="_4642eee05b90a4ae99924e9bbac32c01_happy_3-input">
        <float_array id="_4642eee05b90a4ae99924e9bbac32c01_happy_3-input-array" count="61">0.000000 0.016600 0.033300 0.050000 0.066600 0.083300 0.100000 0.116600 0.133300 0.150000 0.166600 0.183300 0.200000 0.216600 0.233300 0.250000 0.266600 0.283300 0.300000 0.316600 0.333300 0.350000 0.366600 0.383300 0.400000 0.416600 0.433300 0.450000 0.466600 0.483300 0.500000 0.516600 0.533300 0.550000 0.566600 0.583300 0.600000 0.616600 0.633300 0.650000 0.666600 0.683300 0.700000 0.716600 0.733300 0.750000 0.766600 0.783300 0.800000 0.816600 0.833300 0.850000 0.866600 0.883300 0.900000 0.916600 0.933300 0.950000 0.966600 0.983300 1.000000</float_array>
        <technique_common>
          <accessor count="61" source="#_4642eee05b90a4ae99924e9bbac32c01_happy_3-input-array">
            <param name="TIME" type="float" />
          </accessor>
        </technique_common>
      </source>
      <source id="_4642eee05b90a4ae99924e9bbac32c01_happy_3-output">
        <float_array id="_4642eee05b90a4ae99924e9bbac32c01_happy_3-output-array" count="976">

0.999639 0.017170 -0.020663 0.088615 
-0.017959 0.999093 -0.038605 0.015499 
0.019982 0.038962 0.999041 -0.004322 
0.000000 0.000000 0.000000 1.000000 

0.999769 0.017982 -0.011740 0.088615 
-0.018240 0.999586 -0.022274 0.015499 
0.011335 0.022483 0.999683 -0.004322 
0.000000 0.000000 0.000000 1.000000 

0.999824 0.018613 -0.002155 0.088615 
-0.018623 0.999815 -0.004757 0.015499 
0.002066 0.004796 0.999986 -0.004322 
0.000000 0.000000 0.000000 1.000000 

0.999788 0.019024 0.007931 0.088615 
-0.019131 0.999724 0.013651 0.015499 
-0.007669 -0.013800 0.999875 -0.004322 
0.000000 0.000000 0.000000 1.000000 

0.999648 0.019186 0.018341 0.088615 
-0.019778 0.999272 0.032630 0.015499 
-0.017701 -0.032981 0.999299 -0.004322 
0.000000 0.000000 0.000000 1.000000 

0.999395 0.019082 0.029086 0.088615 
-0.020582 0.998424 0.052204 0.015499 
-0.028044 -0.052771 0.998213 -0.004322 
0.000000 0.000000 0.000000 1.000000 

0.999025 0.018695 0.039991 0.088615 
-0.021545 0.997168 0.072054 0.015499 
-0.038531 -0.072845 0.996599 -0.004322 
0.000000 0.000000 0.000000 1.000000 

0.998542 0.018028 0.050873 0.088615 
-0.022653 0.995515 0.091853 0.015499 
-0.048989 -0.092872 0.994472 -0.004322 
0.000000 0.000000 0.000000 1.000000 

0.997946 0.017077 0.061749 0.088615 
-0.023907 0.993462 0.111635 0.015499 
-0.059438 -0.112882 0.991829 -0.004322 
0.000000 0.000000 0.000000 1.000000 

0.997247 0.015858 0.072438 0.088615 
-0.025280 0.991050 0.131078 0.015499 
-0.069711 -0.132548 0.988722 -0.004322 
0.000000 0.000000 0.000000 1.000000 

0.996465 0.014403 0.082766 0.088615 
-0.026734 0.988344 0.149869 0.015499 
-0.079643 -0.151552 0.985236 -0.004322 
0.000000 0.000000 0.000000 1.000000 

0.995608 0.012726 0.092748 0.088615 
-0.028249 0.985375 0.168041 0.015499 
-0.089254 -0.169923 0.981407 -0.004322 
0.000000 0.000000 0.000000 1.000000 

0.994703 0.010870 0.102214 0.088615 
-0.029774 0.982233 0.185290 0.015499 
-0.098384 -0.187352 0.977354 -0.004322 
0.000000 0.000000 0.000000 1.000000 

0.993780 0.008893 0.111009 0.088615 
-0.031251 0.979023 0.201337 0.015499 
-0.106889 -0.203554 0.973211 -0.004322 
0.000000 0.000000 0.000000 1.000000 

0.992888 0.006708 0.118863 0.088615 
-0.032434 0.975888 0.215851 0.015499 
-0.114549 -0.218171 0.969165 -0.004322 
0.000000 0.000000 0.000000 1.000000 

0.992091 0.004310 0.125446 0.088615 
-0.033101 0.973018 0.228344 0.015499 
-0.121077 -0.230690 0.965465 -0.004322 
0.000000 0.000000 0.000000 1.000000 

0.991415 0.001816 0.130744 0.088615 
-0.033262 0.970512 0.238746 0.015499 
-0.126455 -0.241045 0.962240 -0.004322 
0.000000 0.000000 0.000000 1.000000 

0.990868 -0.000712 0.134834 0.088615 
-0.032937 0.968413 0.247165 0.015499 
-0.130751 -0.249349 0.959546 -0.004322 
0.000000 0.000000 0.000000 1.000000 

0.990469 -0.003173 0.137698 0.088615 
-0.032147 0.966798 0.253513 0.015499 
-0.133931 -0.255523 0.957481 -0.004322 
0.000000 0.000000 0.000000 1.000000 

0.990228 -0.005476 0.139348 0.088615 
-0.030930 0.965717 0.257746 0.015499 
-0.135982 -0.259538 0.956111 -0.004322 
0.000000 0.000000 0.000000 1.000000 

0.990148 -0.007580 0.139820 0.088615 
-0.029310 0.965194 0.259887 0.015499 
-0.136923 -0.261425 0.955463 -0.004322 
0.000000 0.000000 0.000000 1.000000 

0.990232 -0.009409 0.139115 0.088615 
-0.027337 0.965257 0.259868 0.015499 
-0.136727 -0.261133 0.955571 -0.004322 
0.000000 0.000000 0.000000 1.000000 

0.990475 -0.010902 0.137260 0.088615 
-0.025076 0.965907 0.257670 0.015499 
-0.135390 -0.258658 0.956434 -0.004322 
0.000000 0.000000 0.000000 1.000000 

0.990875 -0.012033 0.134243 0.088615 
-0.022562 0.967146 0.253220 0.015499 
-0.132880 -0.253938 0.958049 -0.004322 
0.000000 0.000000 0.000000 1.000000 

0.991422 -0.012753 0.130077 0.088615 
-0.019874 0.968946 0.246473 0.015499 
-0.129181 -0.246943 0.960381 -0.004322 
0.000000 0.000000 0.000000 1.000000 

0.992097 -0.013034 0.124797 0.088615 
-0.017107 0.971253 0.237433 0.015499 
-0.124305 -0.237692 0.963354 -0.004322 
0.000000 0.000000 0.000000 1.000000 

0.992890 -0.012859 0.118339 0.088615 
-0.014313 0.974037 0.225934 0.015499 
-0.118172 -0.226021 0.966928 -0.004322 
0.000000 0.000000 0.000000 1.000000 

0.993776 -0.012213 0.110722 0.088615 
-0.011606 0.977209 0.211960 0.015499 
-0.110787 -0.211926 0.970986 -0.004322 
0.000000 0.000000 0.000000 1.000000 

0.994723 -0.011100 0.101992 0.088615 
-0.009108 0.980650 0.195555 0.015499 
-0.102189 -0.195452 0.975375 -0.004322 
0.000000 0.000000 0.000000 1.000000 

0.995711 -0.009515 0.092028 0.088615 
-0.006904 0.984283 0.176464 0.015499 
-0.092261 -0.176343 0.979995 -0.004322 
0.000000 0.000000 0.000000 1.000000 

0.996714 -0.007666 0.080635 0.088615 
-0.004896 0.987990 0.154443 0.015499 
-0.080850 -0.154330 0.984706 -0.004322 
0.000000 0.000000 0.000000 1.000000 

0.997673 -0.005854 0.067929 0.088615 
-0.003026 0.991524 0.129891 0.015499 
-0.068113 -0.129794 0.989199 -0.004322 
0.000000 0.000000 0.000000 1.000000 

0.998525 -0.004159 0.054131 0.088615 
-0.001454 0.994655 0.103242 0.015499 
-0.054272 -0.103169 0.993182 -0.004322 
0.000000 0.000000 0.000000 1.000000 

0.999208 -0.002665 0.039701 0.088615 
-0.000336 0.997153 0.075398 0.015499 
-0.039789 -0.075352 0.996363 -0.004322 
0.000000 0.000000 0.000000 1.000000 

0.999683 -0.001408 0.025121 0.088615 
0.000218 0.998880 0.047311 0.015499 
-0.025160 -0.047290 0.998564 -0.004322 
0.000000 0.000000 0.000000 1.000000 

0.999944 -0.000359 0.010614 0.088615 
0.000153 0.999811 0.019434 0.015499 
-0.010619 -0.019431 0.999755 -0.004322 
0.000000 0.000000 0.000000 1.000000 

0.999994 0.000530 -0.003333 0.088615 
-0.000554 0.999973 -0.007264 0.015499 
0.003329 0.007266 0.999968 -0.004322 
0.000000 0.000000 0.000000 1.000000 

0.999867 0.001352 -0.016249 0.088615 
-0.001869 0.999491 -0.031848 0.015499 
0.016197 0.031874 0.999361 -0.004322 
0.000000 0.000000 0.000000 1.000000 

0.999608 0.002251 -0.027900 0.088615 
-0.003751 0.998543 -0.053839 0.015499 
0.027738 0.053922 0.998160 -0.004322 
0.000000 0.000000 0.000000 1.000000 

0.999279 0.003378 -0.037820 0.088615 
-0.006109 0.997363 -0.072320 0.015499 
0.037476 0.072499 0.996664 -0.004322 
0.000000 0.000000 0.000000 1.000000 

0.998955 0.004668 -0.045466 0.088615 
-0.008585 0.996227 -0.086361 0.015499 
0.044892 0.086661 0.995226 -0.004322 
0.000000 0.000000 0.000000 1.000000 

0.998684 0.005986 -0.050933 0.088615 
-0.010876 0.995296 -0.096265 0.015499 
0.050117 0.096692 0.994052 -0.004322 
0.000000 0.000000 0.000000 1.000000 

0.998488 0.007349 -0.054476 0.088615 
-0.012916 0.994645 -0.102544 0.015499 
0.053431 0.103093 0.993236 -0.004322 
0.000000 0.000000 0.000000 1.000000 

0.998370 0.008738 -0.056398 0.088615 
-0.014678 0.994280 -0.105794 0.015499 
0.055151 0.106449 0.992787 -0.004322 
0.000000 0.000000 0.000000 1.000000 

0.998321 0.010138 -0.057028 0.088615 
-0.016188 0.994165 -0.106648 0.015499 
0.055615 0.107393 0.992660 -0.004322 
0.000000 0.000000 0.000000 1.000000 

0.998327 0.011497 -0.056663 0.088615 
-0.017448 0.994248 -0.105675 0.015499 
0.055122 0.106487 0.992785 -0.004322 
0.000000 0.000000 0.000000 1.000000 

0.998370 0.012760 -0.055620 0.088615 
-0.018475 0.994460 -0.103480 0.015499 
0.053992 0.104338 0.993075 -0.004322 
0.000000 0.000000 0.000000 1.000000 

0.998433 0.013890 -0.054201 0.088615 
-0.019301 0.994737 -0.100624 0.015499 
0.052518 0.101512 0.993447 -0.004322 
0.000000 0.000000 0.000000 1.000000 

0.998499 0.014831 -0.052725 0.088615 
-0.019939 0.995015 -0.097707 0.015499 
0.051013 0.098612 0.993818 -0.004322 
0.000000 0.000000 0.000000 1.000000 

0.998551 0.015535 -0.051516 0.088615 
-0.020402 0.995236 -0.095332 0.015499 
0.049789 0.096245 0.994112 -0.004322 
0.000000 0.000000 0.000000 1.000000 

0.998587 0.015953 -0.050698 0.088615 
-0.020660 0.995384 -0.093723 0.015499 
0.048969 0.094638 0.994307 -0.004322 
0.000000 0.000000 0.000000 1.000000 

0.998616 0.016109 -0.050070 0.088615 
-0.020696 0.995498 -0.092497 0.015499 
0.048354 0.093405 0.994453 -0.004322 
0.000000 0.000000 0.000000 1.000000 

0.998648 0.016078 -0.049438 0.088615 
-0.020548 0.995612 -0.091298 0.015499 
0.047753 0.092190 0.994596 -0.004322 
0.000000 0.000000 0.000000 1.000000 

0.998691 0.015932 -0.048601 0.088615 
-0.020253 0.995759 -0.089747 0.015499 
0.046965 0.090614 0.994778 -0.004322 
0.000000 0.000000 0.000000 1.000000 

0.998753 0.015745 -0.047367 0.088615 
-0.019850 0.995968 -0.087486 0.015499 
0.045798 0.088317 0.995039 -0.004322 
0.000000 0.000000 0.000000 1.000000 

0.998840 0.015585 -0.045552 0.088615 
-0.019384 0.996263 -0.084172 0.015499 
0.044070 0.084958 0.995409 -0.004322 
0.000000 0.000000 0.000000 1.000000 

0.998957 0.015518 -0.042939 0.088615 
-0.018895 0.996664 -0.079400 0.015499 
0.041564 0.080129 0.995918 -0.004322 
0.000000 0.000000 0.000000 1.000000 

0.999104 0.015602 -0.039340 0.088615 
-0.018439 0.997175 -0.072818 0.015499 
0.038093 0.073478 0.996569 -0.004322 
0.000000 0.000000 0.000000 1.000000 

0.999275 0.015884 -0.034587 0.088615 
-0.018079 0.997779 -0.064115 0.015499 
0.033492 0.064694 0.997343 -0.004322 
0.000000 0.000000 0.000000 1.000000 

0.999461 0.016401 -0.028421 0.088615 
-0.017887 0.998444 -0.052819 0.015499 
0.027511 0.053299 0.998200 -0.004322 
0.000000 0.000000 0.000000 1.000000 

0.999639 0.017170 -0.020663 0.088615 
-0.017959 0.999093 -0.038605 0.015499 
0.019982 0.038962 0.999041 -0.004322 
0.000000 0.000000 0.000000 1.000000</float_array>
        <technique_common>
          <accessor count="61" source="#_4642eee05b90a4ae99924e9bbac32c01_happy_3-output-array" stride="16">
            <param name="TRANSFORM" type="float4x4" />
          </accessor>
        </technique_common>
      </source>
      <source id="_4642eee05b90a4ae99924e9bbac32c01_happy_3-interpolation">
        <Name_array id="_4642eee05b90a4ae99924e9bbac32c01_happy_3-interpolation-array" count="61">LINEAR LINEAR LINEAR LINEAR LINEAR LINEAR LINEAR LINEAR LINEAR LINEAR LINEAR LINEAR LINEAR LINEAR LINEAR LINEAR LINEAR LINEAR LINEAR LINEAR LINEAR LINEAR LINEAR LINEAR LINEAR LINEAR LINEAR LINEAR LINEAR LINEAR LINEAR LINEAR LINEAR LINEAR LINEAR LINEAR LINEAR LINEAR LINEAR LINEAR LINEAR LINEAR LINEAR LINEAR LINEAR LINEAR LINEAR LINEAR LINEAR LINEAR LINEAR LINEAR LINEAR LINEAR LINEAR LINEAR LINEAR LINEAR LINEAR LINEAR LINEAR </Name_array>
        <technique_common>
          <accessor count="61" source="#_4642eee05b90a4ae99924e9bbac32c01_happy_3-interpolation-array">
            <param name="INTERPOLATION" type="name" />
          </accessor>
        </technique_common>
      </source>
      <sampler id="_4642eee05b90a4ae99924e9bbac32c01_happy_3-sampler">
        <input semantic="INPUT" source="#_4642eee05b90a4ae99924e9bbac32c01_happy_3-input" />
        <input semantic="OUTPUT" source="#_4642eee05b90a4ae99924e9bbac32c01_happy_3-output" />
        <input semantic="INTERPOLATION" source="#_4642eee05b90a4ae99924e9bbac32c01_happy_3-interpolation" />
      </sampler>
      <channel source="#_4642eee05b90a4ae99924e9bbac32c01_happy_3-sampler" target="_-1376/matrix" />
      <source id="_4642eee05b90a4ae99924e9bbac32c01_happy_4-input">
        <float_array id="_4642eee05b90a4ae99924e9bbac32c01_happy_4-input-array" count="59">0.000000 0.016600 0.033300 0.050000 0.066600 0.083300 0.100000 0.116600 0.133300 0.150000 0.166600 0.183300 0.200000 0.216600 0.233300 0.250000 0.266600 0.283300 0.300000 0.316600 0.333300 0.350000 0.366600 0.383300 0.400000 0.416600 0.433300 0.450000 0.466600 0.483300 0.516600 0.533300 0.550000 0.566600 0.583300 0.600000 0.616600 0.633300 0.650000 0.666600 0.683300 0.700000 0.716600 0.733300 0.750000 0.766600 0.783300 0.800000 0.816600 0.833300 0.850000 0.866600 0.883300 0.900000 0.916600 0.933300 0.950000 0.966600 1.000000</float_array>
        <technique_common>
          <accessor count="59" source="#_4642eee05b90a4ae99924e9bbac32c01_happy_4-input-array">
            <param name="TIME" type="float" />
          </accessor>
        </technique_common>
      </source>
      <source id="_4642eee05b90a4ae99924e9bbac32c01_happy_4-output">
        <float_array id="_4642eee05b90a4ae99924e9bbac32c01_happy_4-output-array" count="944">

0.461387 -0.887031 0.017243 0.033100 
0.886423 0.461709 0.032838 0.062395 
-0.037090 0.000134 0.999312 -0.023403 
0.000000 0.000000 0.000000 1.000000 

0.461238 -0.887146 0.015180 0.033100 
0.886675 0.461488 0.028916 0.062395 
-0.032658 0.000123 0.999467 -0.023403 
0.000000 0.000000 0.000000 1.000000 

0.461082 -0.887266 0.012721 0.033100 
0.886936 0.461257 0.024233 0.062395 
-0.027368 0.000109 0.999625 -0.023403 
0.000000 0.000000 0.000000 1.000000 

0.460913 -0.887390 0.009924 0.033100 
0.887189 0.461019 0.018901 0.062395 
-0.021348 0.000092 0.999772 -0.023403 
0.000000 0.000000 0.000000 1.000000 

0.460728 -0.887515 0.006856 0.033100 
0.887419 0.460779 0.013048 0.062395 
-0.014739 0.000072 0.999891 -0.023403 
0.000000 0.000000 0.000000 1.000000 

0.460522 -0.887641 0.003528 0.033100 
0.887616 0.460535 0.006694 0.062395 
-0.007566 0.000049 0.999971 -0.023403 
0.000000 0.000000 0.000000 1.000000 

0.460292 -0.887768 0.000006 0.033100 
0.887768 0.460292 -0.000037 0.062395 
0.000030 0.000023 1.000000 -0.023403 
0.000000 0.000000 0.000000 1.000000 

0.460038 -0.887892 -0.003640 0.033100 
0.887864 0.460052 -0.007011 0.062395 
0.007899 -0.000007 0.999969 -0.023403 
0.000000 0.000000 0.000000 1.000000 

0.459757 -0.888014 -0.007406 0.033100 
0.887900 0.459816 -0.014219 0.062395 
0.016033 -0.000038 0.999871 -0.023403 
0.000000 0.000000 0.000000 1.000000 

0.459451 -0.888133 -0.011223 0.033100 
0.887871 0.459588 -0.021531 0.062395 
0.024280 -0.000072 0.999705 -0.023403 
0.000000 0.000000 0.000000 1.000000 

0.459124 -0.888245 -0.015020 0.033100 
0.887778 0.459370 -0.028809 0.062395 
0.032489 -0.000108 0.999472 -0.023403 
0.000000 0.000000 0.000000 1.000000 

0.458777 -0.888353 -0.018795 0.033100 
0.887621 0.459162 -0.036050 0.062395 
0.040655 -0.000144 0.999173 -0.023403 
0.000000 0.000000 0.000000 1.000000 

0.458418 -0.888453 -0.022478 0.033100 
0.887406 0.458968 -0.043118 0.062395 
0.048625 -0.000181 0.998817 -0.023403 
0.000000 0.000000 0.000000 1.000000 

0.458055 -0.888544 -0.026001 0.033100 
0.887142 0.458792 -0.049883 0.062395 
0.056253 -0.000217 0.998417 -0.023403 
0.000000 0.000000 0.000000 1.000000 

0.457692 -0.888626 -0.029359 0.033100 
0.886838 0.458633 -0.056335 0.062395 
0.063526 -0.000253 0.997980 -0.023403 
0.000000 0.000000 0.000000 1.000000 

0.457342 -0.888697 -0.032484 0.033100 
0.886508 0.458494 -0.062342 0.062395 
0.070297 -0.000286 0.997526 -0.023403 
0.000000 0.000000 0.000000 1.000000 

0.457017 -0.888757 -0.035312 0.033100 
0.886168 0.458379 -0.067781 0.062395 
0.076427 -0.000316 0.997075 -0.023403 
0.000000 0.000000 0.000000 1.000000 

0.456724 -0.888803 -0.037832 0.033100 
0.885831 0.458289 -0.072629 0.062395 
0.081891 -0.000342 0.996641 -0.023403 
0.000000 0.000000 0.000000 1.000000 

0.456478 -0.888836 -0.039979 0.033100 
0.885516 0.458225 -0.076760 0.062395 
0.086547 -0.000363 0.996248 -0.023403 
0.000000 0.000000 0.000000 1.000000 

0.456244 -0.888861 -0.042036 0.033100 
0.885189 0.458176 -0.080720 0.062395 
0.091009 -0.000382 0.995850 -0.023403 
0.000000 0.000000 0.000000 1.000000 

0.455961 -0.888896 -0.044305 0.033100 
0.884814 0.458108 -0.085095 0.062395 
0.095937 -0.000402 0.995387 -0.023403 
0.000000 0.000000 0.000000 1.000000 

0.455640 -0.888939 -0.046700 0.033100 
0.884400 0.458026 -0.089717 0.062395 
0.101143 -0.000423 0.994872 -0.023403 
0.000000 0.000000 0.000000 1.000000 

0.455292 -0.888985 -0.049132 0.033100 
0.883958 0.457936 -0.094413 0.062395 
0.106431 -0.000445 0.994320 -0.023403 
0.000000 0.000000 0.000000 1.000000 

0.454927 -0.889035 -0.051555 0.033100 
0.883495 0.457839 -0.099097 0.062395 
0.111704 -0.000467 0.993741 -0.023403 
0.000000 0.000000 0.000000 1.000000 

0.454560 -0.889085 -0.053880 0.033100 
0.883030 0.457741 -0.103594 0.062395 
0.116767 -0.000488 0.993159 -0.023403 
0.000000 0.000000 0.000000 1.000000 

0.454207 -0.889133 -0.056021 0.033100 
0.882582 0.457648 -0.107737 0.062395 
0.121431 -0.000508 0.992600 -0.023403 
0.000000 0.000000 0.000000 1.000000 

0.453881 -0.889177 -0.057930 0.033100 
0.882167 0.457563 -0.111434 0.062395 
0.125591 -0.000526 0.992082 -0.023403 
0.000000 0.000000 0.000000 1.000000 

0.453602 -0.889215 -0.059520 0.033100 
0.881810 0.457490 -0.114514 0.062395 
0.129057 -0.000542 0.991637 -0.023403 
0.000000 0.000000 0.000000 1.000000 

0.453388 -0.889243 -0.060711 0.033100 
0.881537 0.457434 -0.116822 0.062395 
0.131655 -0.000553 0.991296 -0.023403 
0.000000 0.000000 0.000000 1.000000 

0.453254 -0.889261 -0.061445 0.033100 
0.881365 0.457400 -0.118244 0.062395 
0.133254 -0.000561 0.991082 -0.023403 
0.000000 0.000000 0.000000 1.000000 

0.453297 -0.889255 -0.061222 0.033100 
0.881416 0.457412 -0.117812 0.062395 
0.132769 -0.000558 0.991147 -0.023403 
0.000000 0.000000 0.000000 1.000000 

0.453501 -0.889226 -0.060117 0.033100 
0.881671 0.457468 -0.115670 0.062395 
0.130359 -0.000547 0.991467 -0.023403 
0.000000 0.000000 0.000000 1.000000 

0.453842 -0.889177 -0.058249 0.033100 
0.882089 0.457564 -0.112048 0.062395 
0.126283 -0.000529 0.991994 -0.023403 
0.000000 0.000000 0.000000 1.000000 

0.454318 -0.889105 -0.055561 0.033100 
0.882663 0.457703 -0.106836 0.062395 
0.120419 -0.000504 0.992723 -0.023403 
0.000000 0.000000 0.000000 1.000000 

0.454840 -0.889036 -0.052307 0.033100 
0.883333 0.457837 -0.100537 0.062395 
0.113329 -0.000476 0.993557 -0.023403 
0.000000 0.000000 0.000000 1.000000 

0.455346 -0.888971 -0.048903 0.033100 
0.883991 0.457964 -0.093957 0.062395 
0.105921 -0.000446 0.994374 -0.023403 
0.000000 0.000000 0.000000 1.000000 

0.455826 -0.888909 -0.045430 0.033100 
0.884616 0.458084 -0.087255 0.062395 
0.098372 -0.000415 0.995150 -0.023403 
0.000000 0.000000 0.000000 1.000000 

0.456277 -0.888850 -0.041909 0.033100 
0.885201 0.458198 -0.080465 0.062395 
0.090724 -0.000384 0.995876 -0.023403 
0.000000 0.000000 0.000000 1.000000 

0.456693 -0.888794 -0.038421 0.033100 
0.885730 0.458306 -0.073746 0.062395 
0.083154 -0.000352 0.996537 -0.023403 
0.000000 0.000000 0.000000 1.000000 

0.457066 -0.888742 -0.035049 0.033100 
0.886193 0.458408 -0.067254 0.062395 
0.075839 -0.000321 0.997120 -0.023403 
0.000000 0.000000 0.000000 1.000000 

0.457402 -0.888691 -0.031814 0.033100 
0.886593 0.458506 -0.061029 0.062395 
0.068823 -0.000291 0.997629 -0.023403 
0.000000 0.000000 0.000000 1.000000 

0.457695 -0.888643 -0.028797 0.033100 
0.886925 0.458600 -0.055228 0.062395 
0.062285 -0.000263 0.998058 -0.023403 
0.000000 0.000000 0.000000 1.000000 

0.457948 -0.888596 -0.026077 0.033100 
0.887188 0.458690 -0.050001 0.062395 
0.056392 -0.000238 0.998409 -0.023403 
0.000000 0.000000 0.000000 1.000000 

0.458165 -0.888551 -0.023683 0.033100 
0.887391 0.458777 -0.045401 0.062395 
0.051206 -0.000215 0.998688 -0.023403 
0.000000 0.000000 0.000000 1.000000 

0.458411 -0.888488 -0.021180 0.033100 
